*** Number of input data ***
*256

1000
1481
1844
1998
1904
1587
1125
631
229
17
48
315
751
1248
1684
1951
1982
1770
1368
874
412
95
1
155
518
1000
1481
1844
1998
1904
1587
1125
631
229
17
48
315
751
1248
1684
1951
1982
1770
1368
874
412
95
1
155
518
1000
1481
1844
1998
1904
1587
1125
631
229
17
48
315
751
1248
1684
1951
1982
1770
1368
874
412
95
1
155
518
1000
1481
1844
1998
1904
1587
1125
631
229
17
48
315
751
1248
1684
1951
1982
1770
1368
874
412
95
1
155
518
1000
1481
1844
1998
1904
1587
1125
631
229
17
48
315
751
1248
1684
1951
1982
1770
1368
874
412
95
1
155
518
1000
1481
1844
1998
1904
1587
1125
631
229
17
48
315
751
1248
1684
1951
1982
1770
1368
874
412
95
1
155
518
1000
1481
1844
1998
1904
1587
1125
631
229
17
48
315
751
1248
1684
1951
1982
1770
1368
874
412
95
1
155
518
1000
1481
1844
1998
1904
1587
1125
631
229
17
48
315
751
1248
1684
1951
1982
1770
1368
874
412
95
1
155
518
1000
1481
1844
1998
1904
1587
1125
631
229
17
48
315
751
1248
1684
1951
1982
1770
1368
874
412
95
1
155
518
1000
1481
1844
1998
1904
1587
1125
631
229
17
48
315
751
1248
1684
1951
1982
1770
1368
874
412
95
1
155
518
1000
1481
1844
1998
1904
1587
-1
