1	51
2	51
3	52
4	52
5	53
6	53
7	54
8	54
9	55
10	55
11	56
12	56
13	57
14	57
15	58
16	58
17	59
18	59
19	60
20	60
21	61
22	61
23	62
24	62
25	63
26	63
27	64
28	64
29	65
30	65
31	66
32	66
33	67
34	67
35	68
36	68
37	69
38	69
39	70
40	70
41	71
42	71
43	72
44	72
45	73
46	73
47	74
48	74
49	75
50	75
51	76
52	76
53	77
54	77
55	78
56	78
57	79
58	79
59	80
60	80
61	81
62	81
63	82
64	82
65	83
66	83
67	84
68	84
69	85
70	85
71	86
72	86
73	87
74	87
76	88
77	88
78	89
79	89
80	90
81	90
82	91
83	91
84	92
85	92
86	93
87	93
88	94
89	94
90	95
91	95
92	96
93	96
94	97
95	97
96	98
75	98
97	99
98	99
100	150
101	150
102	151
103	151
104	152
105	152
106	153
107	153
108	154
109	154
110	155
111	155
112	156
113	156
114	157
115	157
116	158
117	158
118	159
119	159
120	160
121	160
122	161
123	161
124	162
125	162
126	163
127	163
128	164
129	164
130	165
131	165
132	166
133	166
134	167
135	167
136	168
137	168
138	169
139	169
140	170
141	170
142	171
143	171
144	172
145	172
146	173
147	173
148	174
149	174
150	175
151	175
152	176
153	176
154	177
155	177
156	178
157	178
158	179
159	179
160	180
161	180
162	181
163	181
164	182
165	182
166	183
167	183
168	184
169	184
170	185
171	185
172	186
173	186
175	187
176	187
177	188
178	188
179	189
180	189
181	190
182	190
183	191
184	191
185	192
186	192
187	193
188	193
189	194
190	194
191	195
192	195
193	196
194	196
195	197
174	197
196	198
197	198
199	249
200	249
201	250
202	250
203	251
204	251
205	252
206	252
207	253
208	253
209	254
210	254
211	255
212	255
213	256
214	256
215	257
216	257
217	258
218	258
219	259
220	259
221	260
222	260
223	261
224	261
225	262
226	262
227	263
228	263
229	264
230	264
231	265
232	265
233	266
234	266
235	267
236	267
237	268
238	268
239	269
240	269
241	270
242	270
243	271
244	271
245	272
246	272
247	273
248	273
249	274
250	274
251	275
252	275
253	276
254	276
255	277
256	277
257	278
258	278
259	279
260	279
261	280
262	280
263	281
264	281
265	282
266	282
267	283
268	283
269	284
270	284
271	285
272	285
274	286
275	286
276	287
277	287
278	288
279	288
280	289
281	289
282	290
283	290
284	291
285	291
286	292
287	292
288	293
289	293
290	294
291	294
292	295
293	295
294	296
273	296
295	297
296	297
298	348
299	348
300	349
301	349
302	350
303	350
304	351
305	351
306	352
307	352
308	353
309	353
310	354
311	354
312	355
313	355
314	356
315	356
316	357
317	357
318	358
319	358
320	359
321	359
322	360
323	360
324	361
325	361
326	362
327	362
328	363
329	363
330	364
331	364
332	365
333	365
334	366
335	366
336	367
337	367
338	368
339	368
340	369
341	369
342	370
343	370
344	371
345	371
346	372
347	372
348	373
349	373
350	374
351	374
352	375
353	375
354	376
355	376
356	377
357	377
358	378
359	378
360	379
361	379
362	380
363	380
364	381
365	381
366	382
367	382
368	383
369	383
370	384
371	384
373	385
374	385
375	386
376	386
377	387
378	387
379	388
380	388
381	389
382	389
383	390
384	390
385	391
386	391
387	392
388	392
389	393
390	393
391	394
392	394
393	395
372	395
394	396
395	396
397	447
398	447
399	448
400	448
401	449
402	449
403	450
404	450
405	451
406	451
407	452
408	452
409	453
410	453
411	454
412	454
413	455
414	455
415	456
416	456
417	457
418	457
419	458
420	458
421	459
422	459
423	460
424	460
425	461
426	461
427	462
428	462
429	463
430	463
431	464
432	464
433	465
434	465
435	466
436	466
437	467
438	467
439	468
440	468
441	469
442	469
443	470
444	470
445	471
446	471
447	472
448	472
449	473
450	473
451	474
452	474
453	475
454	475
455	476
456	476
457	477
458	477
459	478
460	478
461	479
462	479
463	480
464	480
465	481
466	481
467	482
468	482
469	483
470	483
472	484
473	484
474	485
475	485
476	486
477	486
478	487
479	487
480	488
481	488
482	489
483	489
484	490
485	490
486	491
487	491
488	492
489	492
490	493
491	493
492	494
471	494
493	495
494	495
496	546
497	546
498	547
499	547
500	548
501	548
502	549
503	549
504	550
505	550
506	551
507	551
508	552
509	552
510	553
511	553
512	554
513	554
514	555
515	555
516	556
517	556
518	557
519	557
520	558
521	558
522	559
523	559
524	560
525	560
526	561
527	561
528	562
529	562
530	563
531	563
532	564
533	564
534	565
535	565
536	566
537	566
538	567
539	567
540	568
541	568
542	569
543	569
544	570
545	570
546	571
547	571
548	572
549	572
550	573
551	573
552	574
553	574
554	575
555	575
556	576
557	576
558	577
559	577
560	578
561	578
562	579
563	579
564	580
565	580
566	581
567	581
568	582
569	582
571	583
572	583
573	584
574	584
575	585
576	585
577	586
578	586
579	587
580	587
581	588
582	588
583	589
584	589
585	590
586	590
587	591
588	591
589	592
590	592
591	593
570	593
592	594
593	594
595	645
596	645
597	646
598	646
599	647
600	647
601	648
602	648
603	649
604	649
605	650
606	650
607	651
608	651
609	652
610	652
611	653
612	653
613	654
614	654
615	655
616	655
617	656
618	656
619	657
620	657
621	658
622	658
623	659
624	659
625	660
626	660
627	661
628	661
629	662
630	662
631	663
632	663
633	664
634	664
635	665
636	665
637	666
638	666
639	667
640	667
641	668
642	668
643	669
644	669
645	670
646	670
647	671
648	671
649	672
650	672
651	673
652	673
653	674
654	674
655	675
656	675
657	676
658	676
659	677
660	677
661	678
662	678
663	679
664	679
665	680
666	680
667	681
668	681
670	682
671	682
672	683
673	683
674	684
675	684
676	685
677	685
678	686
679	686
680	687
681	687
682	688
683	688
684	689
685	689
686	690
687	690
688	691
689	691
690	692
669	692
691	693
692	693
694	744
695	744
696	745
697	745
698	746
699	746
700	747
701	747
702	748
703	748
704	749
705	749
706	750
707	750
708	751
709	751
710	752
711	752
712	753
713	753
714	754
715	754
716	755
717	755
718	756
719	756
720	757
721	757
722	758
723	758
724	759
725	759
726	760
727	760
728	761
729	761
730	762
731	762
732	763
733	763
734	764
735	764
736	765
737	765
738	766
739	766
740	767
741	767
742	768
743	768
744	769
745	769
746	770
747	770
748	771
749	771
750	772
751	772
752	773
753	773
754	774
755	774
756	775
757	775
758	776
759	776
760	777
761	777
762	778
763	778
764	779
765	779
766	780
767	780
769	781
770	781
771	782
772	782
773	783
774	783
775	784
776	784
777	785
778	785
779	786
780	786
781	787
782	787
783	788
784	788
785	789
786	789
787	790
788	790
789	791
768	791
790	792
791	792
793	843
794	843
795	844
796	844
797	845
798	845
799	846
800	846
801	847
802	847
803	848
804	848
805	849
806	849
807	850
808	850
809	851
810	851
811	852
812	852
813	853
814	853
815	854
816	854
817	855
818	855
819	856
820	856
821	857
822	857
823	858
824	858
825	859
826	859
827	860
828	860
829	861
830	861
831	862
832	862
833	863
834	863
835	864
836	864
837	865
838	865
839	866
840	866
841	867
842	867
843	868
844	868
845	869
846	869
847	870
848	870
849	871
850	871
851	872
852	872
853	873
854	873
855	874
856	874
857	875
858	875
859	876
860	876
861	877
862	877
863	878
864	878
865	879
866	879
868	880
869	880
870	881
871	881
872	882
873	882
874	883
875	883
876	884
877	884
878	885
879	885
880	886
881	886
882	887
883	887
884	888
885	888
886	889
887	889
888	890
867	890
889	891
890	891
892	942
893	942
894	943
895	943
896	944
897	944
898	945
899	945
900	946
901	946
902	947
903	947
904	948
905	948
906	949
907	949
908	950
909	950
910	951
911	951
912	952
913	952
914	953
915	953
916	954
917	954
918	955
919	955
920	956
921	956
922	957
923	957
924	958
925	958
926	959
927	959
928	960
929	960
930	961
931	961
932	962
933	962
934	963
935	963
936	964
937	964
938	965
939	965
940	966
941	966
942	967
943	967
944	968
945	968
946	969
947	969
948	970
949	970
950	971
951	971
952	972
953	972
954	973
955	973
956	974
957	974
958	975
959	975
960	976
961	976
962	977
963	977
964	978
965	978
967	979
968	979
969	980
970	980
971	981
972	981
973	982
974	982
975	983
976	983
977	984
978	984
979	985
980	985
981	986
982	986
983	987
984	987
985	988
986	988
987	989
966	989
988	990
989	990
991	1041
992	1041
993	1042
994	1042
995	1043
996	1043
997	1044
998	1044
999	1045
1000	1045
1001	1046
1002	1046
1003	1047
1004	1047
1005	1048
1006	1048
1007	1049
1008	1049
1009	1050
1010	1050
1011	1051
1012	1051
1013	1052
1014	1052
1015	1053
1016	1053
1017	1054
1018	1054
1019	1055
1020	1055
1021	1056
1022	1056
1023	1057
1024	1057
1025	1058
1026	1058
1027	1059
1028	1059
1029	1060
1030	1060
1031	1061
1032	1061
1033	1062
1034	1062
1035	1063
1036	1063
1037	1064
1038	1064
1039	1065
1040	1065
1041	1066
1042	1066
1043	1067
1044	1067
1045	1068
1046	1068
1047	1069
1048	1069
1049	1070
1050	1070
1051	1071
1052	1071
1053	1072
1054	1072
1055	1073
1056	1073
1057	1074
1058	1074
1059	1075
1060	1075
1061	1076
1062	1076
1063	1077
1064	1077
1066	1078
1067	1078
1068	1079
1069	1079
1070	1080
1071	1080
1072	1081
1073	1081
1074	1082
1075	1082
1076	1083
1077	1083
1078	1084
1079	1084
1080	1085
1081	1085
1082	1086
1083	1086
1084	1087
1085	1087
1086	1088
1065	1088
1087	1089
1088	1089
1090	1140
1091	1140
1092	1141
1093	1141
1094	1142
1095	1142
1096	1143
1097	1143
1098	1144
1099	1144
1100	1145
1101	1145
1102	1146
1103	1146
1104	1147
1105	1147
1106	1148
1107	1148
1108	1149
1109	1149
1110	1150
1111	1150
1112	1151
1113	1151
1114	1152
1115	1152
1116	1153
1117	1153
1118	1154
1119	1154
1120	1155
1121	1155
1122	1156
1123	1156
1124	1157
1125	1157
1126	1158
1127	1158
1128	1159
1129	1159
1130	1160
1131	1160
1132	1161
1133	1161
1134	1162
1135	1162
1136	1163
1137	1163
1138	1164
1139	1164
1140	1165
1141	1165
1142	1166
1143	1166
1144	1167
1145	1167
1146	1168
1147	1168
1148	1169
1149	1169
1150	1170
1151	1170
1152	1171
1153	1171
1154	1172
1155	1172
1156	1173
1157	1173
1158	1174
1159	1174
1160	1175
1161	1175
1162	1176
1163	1176
1165	1177
1166	1177
1167	1178
1168	1178
1169	1179
1170	1179
1171	1180
1172	1180
1173	1181
1174	1181
1175	1182
1176	1182
1177	1183
1178	1183
1179	1184
1180	1184
1181	1185
1182	1185
1183	1186
1184	1186
1185	1187
1164	1187
1186	1188
1187	1188
1189	1239
1190	1239
1191	1240
1192	1240
1193	1241
1194	1241
1195	1242
1196	1242
1197	1243
1198	1243
1199	1244
1200	1244
1201	1245
1202	1245
1203	1246
1204	1246
1205	1247
1206	1247
1207	1248
1208	1248
1209	1249
1210	1249
1211	1250
1212	1250
1213	1251
1214	1251
1215	1252
1216	1252
1217	1253
1218	1253
1219	1254
1220	1254
1221	1255
1222	1255
1223	1256
1224	1256
1225	1257
1226	1257
1227	1258
1228	1258
1229	1259
1230	1259
1231	1260
1232	1260
1233	1261
1234	1261
1235	1262
1236	1262
1237	1263
1238	1263
1239	1264
1240	1264
1241	1265
1242	1265
1243	1266
1244	1266
1245	1267
1246	1267
1247	1268
1248	1268
1249	1269
1250	1269
1251	1270
1252	1270
1253	1271
1254	1271
1255	1272
1256	1272
1257	1273
1258	1273
1259	1274
1260	1274
1261	1275
1262	1275
1264	1276
1265	1276
1266	1277
1267	1277
1268	1278
1269	1278
1270	1279
1271	1279
1272	1280
1273	1280
1274	1281
1275	1281
1276	1282
1277	1282
1278	1283
1279	1283
1280	1284
1281	1284
1282	1285
1283	1285
1284	1286
1263	1286
1285	1287
1286	1287
1288	1338
1289	1338
1290	1339
1291	1339
1292	1340
1293	1340
1294	1341
1295	1341
1296	1342
1297	1342
1298	1343
1299	1343
1300	1344
1301	1344
1302	1345
1303	1345
1304	1346
1305	1346
1306	1347
1307	1347
1308	1348
1309	1348
1310	1349
1311	1349
1312	1350
1313	1350
1314	1351
1315	1351
1316	1352
1317	1352
1318	1353
1319	1353
1320	1354
1321	1354
1322	1355
1323	1355
1324	1356
1325	1356
1326	1357
1327	1357
1328	1358
1329	1358
1330	1359
1331	1359
1332	1360
1333	1360
1334	1361
1335	1361
1336	1362
1337	1362
1338	1363
1339	1363
1340	1364
1341	1364
1342	1365
1343	1365
1344	1366
1345	1366
1346	1367
1347	1367
1348	1368
1349	1368
1350	1369
1351	1369
1352	1370
1353	1370
1354	1371
1355	1371
1356	1372
1357	1372
1358	1373
1359	1373
1360	1374
1361	1374
1363	1375
1364	1375
1365	1376
1366	1376
1367	1377
1368	1377
1369	1378
1370	1378
1371	1379
1372	1379
1373	1380
1374	1380
1375	1381
1376	1381
1377	1382
1378	1382
1379	1383
1380	1383
1381	1384
1382	1384
1383	1385
1362	1385
1384	1386
1385	1386
1387	1437
1388	1437
1389	1438
1390	1438
1391	1439
1392	1439
1393	1440
1394	1440
1395	1441
1396	1441
1397	1442
1398	1442
1399	1443
1400	1443
1401	1444
1402	1444
1403	1445
1404	1445
1405	1446
1406	1446
1407	1447
1408	1447
1409	1448
1410	1448
1411	1449
1412	1449
1413	1450
1414	1450
1415	1451
1416	1451
1417	1452
1418	1452
1419	1453
1420	1453
1421	1454
1422	1454
1423	1455
1424	1455
1425	1456
1426	1456
1427	1457
1428	1457
1429	1458
1430	1458
1431	1459
1432	1459
1433	1460
1434	1460
1435	1461
1436	1461
1437	1462
1438	1462
1439	1463
1440	1463
1441	1464
1442	1464
1443	1465
1444	1465
1445	1466
1446	1466
1447	1467
1448	1467
1449	1468
1450	1468
1451	1469
1452	1469
1453	1470
1454	1470
1455	1471
1456	1471
1457	1472
1458	1472
1459	1473
1460	1473
1462	1474
1463	1474
1464	1475
1465	1475
1466	1476
1467	1476
1468	1477
1469	1477
1470	1478
1471	1478
1472	1479
1473	1479
1474	1480
1475	1480
1476	1481
1477	1481
1478	1482
1479	1482
1480	1483
1481	1483
1482	1484
1461	1484
1483	1485
1484	1485
1486	1536
1487	1536
1488	1537
1489	1537
1490	1538
1491	1538
1492	1539
1493	1539
1494	1540
1495	1540
1496	1541
1497	1541
1498	1542
1499	1542
1500	1543
1501	1543
1502	1544
1503	1544
1504	1545
1505	1545
1506	1546
1507	1546
1508	1547
1509	1547
1510	1548
1511	1548
1512	1549
1513	1549
1514	1550
1515	1550
1516	1551
1517	1551
1518	1552
1519	1552
1520	1553
1521	1553
1522	1554
1523	1554
1524	1555
1525	1555
1526	1556
1527	1556
1528	1557
1529	1557
1530	1558
1531	1558
1532	1559
1533	1559
1534	1560
1535	1560
1536	1561
1537	1561
1538	1562
1539	1562
1540	1563
1541	1563
1542	1564
1543	1564
1544	1565
1545	1565
1546	1566
1547	1566
1548	1567
1549	1567
1550	1568
1551	1568
1552	1569
1553	1569
1554	1570
1555	1570
1556	1571
1557	1571
1558	1572
1559	1572
1561	1573
1562	1573
1563	1574
1564	1574
1565	1575
1566	1575
1567	1576
1568	1576
1569	1577
1570	1577
1571	1578
1572	1578
1573	1579
1574	1579
1575	1580
1576	1580
1577	1581
1578	1581
1579	1582
1580	1582
1581	1583
1560	1583
1582	1584
1583	1584
1585	1635
1586	1635
1587	1636
1588	1636
1589	1637
1590	1637
1591	1638
1592	1638
1593	1639
1594	1639
1595	1640
1596	1640
1597	1641
1598	1641
1599	1642
1600	1642
1601	1643
1602	1643
1603	1644
1604	1644
1605	1645
1606	1645
1607	1646
1608	1646
1609	1647
1610	1647
1611	1648
1612	1648
1613	1649
1614	1649
1615	1650
1616	1650
1617	1651
1618	1651
1619	1652
1620	1652
1621	1653
1622	1653
1623	1654
1624	1654
1625	1655
1626	1655
1627	1656
1628	1656
1629	1657
1630	1657
1631	1658
1632	1658
1633	1659
1634	1659
1635	1660
1636	1660
1637	1661
1638	1661
1639	1662
1640	1662
1641	1663
1642	1663
1643	1664
1644	1664
1645	1665
1646	1665
1647	1666
1648	1666
1649	1667
1650	1667
1651	1668
1652	1668
1653	1669
1654	1669
1655	1670
1656	1670
1657	1671
1658	1671
1660	1672
1661	1672
1662	1673
1663	1673
1664	1674
1665	1674
1666	1675
1667	1675
1668	1676
1669	1676
1670	1677
1671	1677
1672	1678
1673	1678
1674	1679
1675	1679
1676	1680
1677	1680
1678	1681
1679	1681
1680	1682
1659	1682
1681	1683
1682	1683
1684	1734
1685	1734
1686	1735
1687	1735
1688	1736
1689	1736
1690	1737
1691	1737
1692	1738
1693	1738
1694	1739
1695	1739
1696	1740
1697	1740
1698	1741
1699	1741
1700	1742
1701	1742
1702	1743
1703	1743
1704	1744
1705	1744
1706	1745
1707	1745
1708	1746
1709	1746
1710	1747
1711	1747
1712	1748
1713	1748
1714	1749
1715	1749
1716	1750
1717	1750
1718	1751
1719	1751
1720	1752
1721	1752
1722	1753
1723	1753
1724	1754
1725	1754
1726	1755
1727	1755
1728	1756
1729	1756
1730	1757
1731	1757
1732	1758
1733	1758
1734	1759
1735	1759
1736	1760
1737	1760
1738	1761
1739	1761
1740	1762
1741	1762
1742	1763
1743	1763
1744	1764
1745	1764
1746	1765
1747	1765
1748	1766
1749	1766
1750	1767
1751	1767
1752	1768
1753	1768
1754	1769
1755	1769
1756	1770
1757	1770
1759	1771
1760	1771
1761	1772
1762	1772
1763	1773
1764	1773
1765	1774
1766	1774
1767	1775
1768	1775
1769	1776
1770	1776
1771	1777
1772	1777
1773	1778
1774	1778
1775	1779
1776	1779
1777	1780
1778	1780
1779	1781
1758	1781
1780	1782
1781	1782
1783	1833
1784	1833
1785	1834
1786	1834
1787	1835
1788	1835
1789	1836
1790	1836
1791	1837
1792	1837
1793	1838
1794	1838
1795	1839
1796	1839
1797	1840
1798	1840
1799	1841
1800	1841
1801	1842
1802	1842
1803	1843
1804	1843
1805	1844
1806	1844
1807	1845
1808	1845
1809	1846
1810	1846
1811	1847
1812	1847
1813	1848
1814	1848
1815	1849
1816	1849
1817	1850
1818	1850
1819	1851
1820	1851
1821	1852
1822	1852
1823	1853
1824	1853
1825	1854
1826	1854
1827	1855
1828	1855
1829	1856
1830	1856
1831	1857
1832	1857
1833	1858
1834	1858
1835	1859
1836	1859
1837	1860
1838	1860
1839	1861
1840	1861
1841	1862
1842	1862
1843	1863
1844	1863
1845	1864
1846	1864
1847	1865
1848	1865
1849	1866
1850	1866
1851	1867
1852	1867
1853	1868
1854	1868
1855	1869
1856	1869
1858	1870
1859	1870
1860	1871
1861	1871
1862	1872
1863	1872
1864	1873
1865	1873
1866	1874
1867	1874
1868	1875
1869	1875
1870	1876
1871	1876
1872	1877
1873	1877
1874	1878
1875	1878
1876	1879
1877	1879
1878	1880
1857	1880
1879	1881
1880	1881
1882	1932
1883	1932
1884	1933
1885	1933
1886	1934
1887	1934
1888	1935
1889	1935
1890	1936
1891	1936
1892	1937
1893	1937
1894	1938
1895	1938
1896	1939
1897	1939
1898	1940
1899	1940
1900	1941
1901	1941
1902	1942
1903	1942
1904	1943
1905	1943
1906	1944
1907	1944
1908	1945
1909	1945
1910	1946
1911	1946
1912	1947
1913	1947
1914	1948
1915	1948
1916	1949
1917	1949
1918	1950
1919	1950
1920	1951
1921	1951
1922	1952
1923	1952
1924	1953
1925	1953
1926	1954
1927	1954
1928	1955
1929	1955
1930	1956
1931	1956
1932	1957
1933	1957
1934	1958
1935	1958
1936	1959
1937	1959
1938	1960
1939	1960
1940	1961
1941	1961
1942	1962
1943	1962
1944	1963
1945	1963
1946	1964
1947	1964
1948	1965
1949	1965
1950	1966
1951	1966
1952	1967
1953	1967
1954	1968
1955	1968
1957	1969
1958	1969
1959	1970
1960	1970
1961	1971
1962	1971
1963	1972
1964	1972
1965	1973
1966	1973
1967	1974
1968	1974
1969	1975
1970	1975
1971	1976
1972	1976
1973	1977
1974	1977
1975	1978
1976	1978
1977	1979
1956	1979
1978	1980
1979	1980
1981	2031
1982	2031
1983	2032
1984	2032
1985	2033
1986	2033
1987	2034
1988	2034
1989	2035
1990	2035
1991	2036
1992	2036
1993	2037
1994	2037
1995	2038
1996	2038
1997	2039
1998	2039
1999	2040
2000	2040
2001	2041
2002	2041
2003	2042
2004	2042
2005	2043
2006	2043
2007	2044
2008	2044
2009	2045
2010	2045
2011	2046
2012	2046
2013	2047
2014	2047
2015	2048
2016	2048
2017	2049
2018	2049
2019	2050
2020	2050
2021	2051
2022	2051
2023	2052
2024	2052
2025	2053
2026	2053
2027	2054
2028	2054
2029	2055
2030	2055
2031	2056
2032	2056
2033	2057
2034	2057
2035	2058
2036	2058
2037	2059
2038	2059
2039	2060
2040	2060
2041	2061
2042	2061
2043	2062
2044	2062
2045	2063
2046	2063
2047	2064
2048	2064
2049	2065
2050	2065
2051	2066
2052	2066
2053	2067
2054	2067
2056	2068
2057	2068
2058	2069
2059	2069
2060	2070
2061	2070
2062	2071
2063	2071
2064	2072
2065	2072
2066	2073
2067	2073
2068	2074
2069	2074
2070	2075
2071	2075
2072	2076
2073	2076
2074	2077
2075	2077
2076	2078
2055	2078
2077	2079
2078	2079
2080	2130
2081	2130
2082	2131
2083	2131
2084	2132
2085	2132
2086	2133
2087	2133
2088	2134
2089	2134
2090	2135
2091	2135
2092	2136
2093	2136
2094	2137
2095	2137
2096	2138
2097	2138
2098	2139
2099	2139
2100	2140
2101	2140
2102	2141
2103	2141
2104	2142
2105	2142
2106	2143
2107	2143
2108	2144
2109	2144
2110	2145
2111	2145
2112	2146
2113	2146
2114	2147
2115	2147
2116	2148
2117	2148
2118	2149
2119	2149
2120	2150
2121	2150
2122	2151
2123	2151
2124	2152
2125	2152
2126	2153
2127	2153
2128	2154
2129	2154
2130	2155
2131	2155
2132	2156
2133	2156
2134	2157
2135	2157
2136	2158
2137	2158
2138	2159
2139	2159
2140	2160
2141	2160
2142	2161
2143	2161
2144	2162
2145	2162
2146	2163
2147	2163
2148	2164
2149	2164
2150	2165
2151	2165
2152	2166
2153	2166
2155	2167
2156	2167
2157	2168
2158	2168
2159	2169
2160	2169
2161	2170
2162	2170
2163	2171
2164	2171
2165	2172
2166	2172
2167	2173
2168	2173
2169	2174
2170	2174
2171	2175
2172	2175
2173	2176
2174	2176
2175	2177
2154	2177
2176	2178
2177	2178
2179	2229
2180	2229
2181	2230
2182	2230
2183	2231
2184	2231
2185	2232
2186	2232
2187	2233
2188	2233
2189	2234
2190	2234
2191	2235
2192	2235
2193	2236
2194	2236
2195	2237
2196	2237
2197	2238
2198	2238
2199	2239
2200	2239
2201	2240
2202	2240
2203	2241
2204	2241
2205	2242
2206	2242
2207	2243
2208	2243
2209	2244
2210	2244
2211	2245
2212	2245
2213	2246
2214	2246
2215	2247
2216	2247
2217	2248
2218	2248
2219	2249
2220	2249
2221	2250
2222	2250
2223	2251
2224	2251
2225	2252
2226	2252
2227	2253
2228	2253
2229	2254
2230	2254
2231	2255
2232	2255
2233	2256
2234	2256
2235	2257
2236	2257
2237	2258
2238	2258
2239	2259
2240	2259
2241	2260
2242	2260
2243	2261
2244	2261
2245	2262
2246	2262
2247	2263
2248	2263
2249	2264
2250	2264
2251	2265
2252	2265
2254	2266
2255	2266
2256	2267
2257	2267
2258	2268
2259	2268
2260	2269
2261	2269
2262	2270
2263	2270
2264	2271
2265	2271
2266	2272
2267	2272
2268	2273
2269	2273
2270	2274
2271	2274
2272	2275
2273	2275
2274	2276
2253	2276
2275	2277
2276	2277
2278	2328
2279	2328
2280	2329
2281	2329
2282	2330
2283	2330
2284	2331
2285	2331
2286	2332
2287	2332
2288	2333
2289	2333
2290	2334
2291	2334
2292	2335
2293	2335
2294	2336
2295	2336
2296	2337
2297	2337
2298	2338
2299	2338
2300	2339
2301	2339
2302	2340
2303	2340
2304	2341
2305	2341
2306	2342
2307	2342
2308	2343
2309	2343
2310	2344
2311	2344
2312	2345
2313	2345
2314	2346
2315	2346
2316	2347
2317	2347
2318	2348
2319	2348
2320	2349
2321	2349
2322	2350
2323	2350
2324	2351
2325	2351
2326	2352
2327	2352
2328	2353
2329	2353
2330	2354
2331	2354
2332	2355
2333	2355
2334	2356
2335	2356
2336	2357
2337	2357
2338	2358
2339	2358
2340	2359
2341	2359
2342	2360
2343	2360
2344	2361
2345	2361
2346	2362
2347	2362
2348	2363
2349	2363
2350	2364
2351	2364
2353	2365
2354	2365
2355	2366
2356	2366
2357	2367
2358	2367
2359	2368
2360	2368
2361	2369
2362	2369
2363	2370
2364	2370
2365	2371
2366	2371
2367	2372
2368	2372
2369	2373
2370	2373
2371	2374
2372	2374
2373	2375
2352	2375
2374	2376
2375	2376
2377	2427
2378	2427
2379	2428
2380	2428
2381	2429
2382	2429
2383	2430
2384	2430
2385	2431
2386	2431
2387	2432
2388	2432
2389	2433
2390	2433
2391	2434
2392	2434
2393	2435
2394	2435
2395	2436
2396	2436
2397	2437
2398	2437
2399	2438
2400	2438
2401	2439
2402	2439
2403	2440
2404	2440
2405	2441
2406	2441
2407	2442
2408	2442
2409	2443
2410	2443
2411	2444
2412	2444
2413	2445
2414	2445
2415	2446
2416	2446
2417	2447
2418	2447
2419	2448
2420	2448
2421	2449
2422	2449
2423	2450
2424	2450
2425	2451
2426	2451
2427	2452
2428	2452
2429	2453
2430	2453
2431	2454
2432	2454
2433	2455
2434	2455
2435	2456
2436	2456
2437	2457
2438	2457
2439	2458
2440	2458
2441	2459
2442	2459
2443	2460
2444	2460
2445	2461
2446	2461
2447	2462
2448	2462
2449	2463
2450	2463
2452	2464
2453	2464
2454	2465
2455	2465
2456	2466
2457	2466
2458	2467
2459	2467
2460	2468
2461	2468
2462	2469
2463	2469
2464	2470
2465	2470
2466	2471
2467	2471
2468	2472
2469	2472
2470	2473
2471	2473
2472	2474
2451	2474
2473	2475
2474	2475
2476	2526
2477	2526
2478	2527
2479	2527
2480	2528
2481	2528
2482	2529
2483	2529
2484	2530
2485	2530
2486	2531
2487	2531
2488	2532
2489	2532
2490	2533
2491	2533
2492	2534
2493	2534
2494	2535
2495	2535
2496	2536
2497	2536
2498	2537
2499	2537
2500	2538
2501	2538
2502	2539
2503	2539
2504	2540
2505	2540
2506	2541
2507	2541
2508	2542
2509	2542
2510	2543
2511	2543
2512	2544
2513	2544
2514	2545
2515	2545
2516	2546
2517	2546
2518	2547
2519	2547
2520	2548
2521	2548
2522	2549
2523	2549
2524	2550
2525	2550
2526	2551
2527	2551
2528	2552
2529	2552
2530	2553
2531	2553
2532	2554
2533	2554
2534	2555
2535	2555
2536	2556
2537	2556
2538	2557
2539	2557
2540	2558
2541	2558
2542	2559
2543	2559
2544	2560
2545	2560
2546	2561
2547	2561
2548	2562
2549	2562
2551	2563
2552	2563
2553	2564
2554	2564
2555	2565
2556	2565
2557	2566
2558	2566
2559	2567
2560	2567
2561	2568
2562	2568
2563	2569
2564	2569
2565	2570
2566	2570
2567	2571
2568	2571
2569	2572
2570	2572
2571	2573
2550	2573
2572	2574
2573	2574
2575	2625
2576	2625
2577	2626
2578	2626
2579	2627
2580	2627
2581	2628
2582	2628
2583	2629
2584	2629
2585	2630
2586	2630
2587	2631
2588	2631
2589	2632
2590	2632
2591	2633
2592	2633
2593	2634
2594	2634
2595	2635
2596	2635
2597	2636
2598	2636
2599	2637
2600	2637
2601	2638
2602	2638
2603	2639
2604	2639
2605	2640
2606	2640
2607	2641
2608	2641
2609	2642
2610	2642
2611	2643
2612	2643
2613	2644
2614	2644
2615	2645
2616	2645
2617	2646
2618	2646
2619	2647
2620	2647
2621	2648
2622	2648
2623	2649
2624	2649
2625	2650
2626	2650
2627	2651
2628	2651
2629	2652
2630	2652
2631	2653
2632	2653
2633	2654
2634	2654
2635	2655
2636	2655
2637	2656
2638	2656
2639	2657
2640	2657
2641	2658
2642	2658
2643	2659
2644	2659
2645	2660
2646	2660
2647	2661
2648	2661
2650	2662
2651	2662
2652	2663
2653	2663
2654	2664
2655	2664
2656	2665
2657	2665
2658	2666
2659	2666
2660	2667
2661	2667
2662	2668
2663	2668
2664	2669
2665	2669
2666	2670
2667	2670
2668	2671
2669	2671
2670	2672
2649	2672
2671	2673
2672	2673
2674	2724
2675	2724
2676	2725
2677	2725
2678	2726
2679	2726
2680	2727
2681	2727
2682	2728
2683	2728
2684	2729
2685	2729
2686	2730
2687	2730
2688	2731
2689	2731
2690	2732
2691	2732
2692	2733
2693	2733
2694	2734
2695	2734
2696	2735
2697	2735
2698	2736
2699	2736
2700	2737
2701	2737
2702	2738
2703	2738
2704	2739
2705	2739
2706	2740
2707	2740
2708	2741
2709	2741
2710	2742
2711	2742
2712	2743
2713	2743
2714	2744
2715	2744
2716	2745
2717	2745
2718	2746
2719	2746
2720	2747
2721	2747
2722	2748
2723	2748
2724	2749
2725	2749
2726	2750
2727	2750
2728	2751
2729	2751
2730	2752
2731	2752
2732	2753
2733	2753
2734	2754
2735	2754
2736	2755
2737	2755
2738	2756
2739	2756
2740	2757
2741	2757
2742	2758
2743	2758
2744	2759
2745	2759
2746	2760
2747	2760
2749	2761
2750	2761
2751	2762
2752	2762
2753	2763
2754	2763
2755	2764
2756	2764
2757	2765
2758	2765
2759	2766
2760	2766
2761	2767
2762	2767
2763	2768
2764	2768
2765	2769
2766	2769
2767	2770
2768	2770
2769	2771
2748	2771
2770	2772
2771	2772
2773	2823
2774	2823
2775	2824
2776	2824
2777	2825
2778	2825
2779	2826
2780	2826
2781	2827
2782	2827
2783	2828
2784	2828
2785	2829
2786	2829
2787	2830
2788	2830
2789	2831
2790	2831
2791	2832
2792	2832
2793	2833
2794	2833
2795	2834
2796	2834
2797	2835
2798	2835
2799	2836
2800	2836
2801	2837
2802	2837
2803	2838
2804	2838
2805	2839
2806	2839
2807	2840
2808	2840
2809	2841
2810	2841
2811	2842
2812	2842
2813	2843
2814	2843
2815	2844
2816	2844
2817	2845
2818	2845
2819	2846
2820	2846
2821	2847
2822	2847
2823	2848
2824	2848
2825	2849
2826	2849
2827	2850
2828	2850
2829	2851
2830	2851
2831	2852
2832	2852
2833	2853
2834	2853
2835	2854
2836	2854
2837	2855
2838	2855
2839	2856
2840	2856
2841	2857
2842	2857
2843	2858
2844	2858
2845	2859
2846	2859
2848	2860
2849	2860
2850	2861
2851	2861
2852	2862
2853	2862
2854	2863
2855	2863
2856	2864
2857	2864
2858	2865
2859	2865
2860	2866
2861	2866
2862	2867
2863	2867
2864	2868
2865	2868
2866	2869
2867	2869
2868	2870
2847	2870
2869	2871
2870	2871
2872	2922
2873	2922
2874	2923
2875	2923
2876	2924
2877	2924
2878	2925
2879	2925
2880	2926
2881	2926
2882	2927
2883	2927
2884	2928
2885	2928
2886	2929
2887	2929
2888	2930
2889	2930
2890	2931
2891	2931
2892	2932
2893	2932
2894	2933
2895	2933
2896	2934
2897	2934
2898	2935
2899	2935
2900	2936
2901	2936
2902	2937
2903	2937
2904	2938
2905	2938
2906	2939
2907	2939
2908	2940
2909	2940
2910	2941
2911	2941
2912	2942
2913	2942
2914	2943
2915	2943
2916	2944
2917	2944
2918	2945
2919	2945
2920	2946
2921	2946
2922	2947
2923	2947
2924	2948
2925	2948
2926	2949
2927	2949
2928	2950
2929	2950
2930	2951
2931	2951
2932	2952
2933	2952
2934	2953
2935	2953
2936	2954
2937	2954
2938	2955
2939	2955
2940	2956
2941	2956
2942	2957
2943	2957
2944	2958
2945	2958
2947	2959
2948	2959
2949	2960
2950	2960
2951	2961
2952	2961
2953	2962
2954	2962
2955	2963
2956	2963
2957	2964
2958	2964
2959	2965
2960	2965
2961	2966
2962	2966
2963	2967
2964	2967
2965	2968
2966	2968
2967	2969
2946	2969
2968	2970
2969	2970
2971	3021
2972	3021
2973	3022
2974	3022
2975	3023
2976	3023
2977	3024
2978	3024
2979	3025
2980	3025
2981	3026
2982	3026
2983	3027
2984	3027
2985	3028
2986	3028
2987	3029
2988	3029
2989	3030
2990	3030
2991	3031
2992	3031
2993	3032
2994	3032
2995	3033
2996	3033
2997	3034
2998	3034
2999	3035
3000	3035
3001	3036
3002	3036
3003	3037
3004	3037
3005	3038
3006	3038
3007	3039
3008	3039
3009	3040
3010	3040
3011	3041
3012	3041
3013	3042
3014	3042
3015	3043
3016	3043
3017	3044
3018	3044
3019	3045
3020	3045
3021	3046
3022	3046
3023	3047
3024	3047
3025	3048
3026	3048
3027	3049
3028	3049
3029	3050
3030	3050
3031	3051
3032	3051
3033	3052
3034	3052
3035	3053
3036	3053
3037	3054
3038	3054
3039	3055
3040	3055
3041	3056
3042	3056
3043	3057
3044	3057
3046	3058
3047	3058
3048	3059
3049	3059
3050	3060
3051	3060
3052	3061
3053	3061
3054	3062
3055	3062
3056	3063
3057	3063
3058	3064
3059	3064
3060	3065
3061	3065
3062	3066
3063	3066
3064	3067
3065	3067
3066	3068
3045	3068
3067	3069
3068	3069
3070	3120
3071	3120
3072	3121
3073	3121
3074	3122
3075	3122
3076	3123
3077	3123
3078	3124
3079	3124
3080	3125
3081	3125
3082	3126
3083	3126
3084	3127
3085	3127
3086	3128
3087	3128
3088	3129
3089	3129
3090	3130
3091	3130
3092	3131
3093	3131
3094	3132
3095	3132
3096	3133
3097	3133
3098	3134
3099	3134
3100	3135
3101	3135
3102	3136
3103	3136
3104	3137
3105	3137
3106	3138
3107	3138
3108	3139
3109	3139
3110	3140
3111	3140
3112	3141
3113	3141
3114	3142
3115	3142
3116	3143
3117	3143
3118	3144
3119	3144
3120	3145
3121	3145
3122	3146
3123	3146
3124	3147
3125	3147
3126	3148
3127	3148
3128	3149
3129	3149
3130	3150
3131	3150
3132	3151
3133	3151
3134	3152
3135	3152
3136	3153
3137	3153
3138	3154
3139	3154
3140	3155
3141	3155
3142	3156
3143	3156
3145	3157
3146	3157
3147	3158
3148	3158
3149	3159
3150	3159
3151	3160
3152	3160
3153	3161
3154	3161
3155	3162
3156	3162
3157	3163
3158	3163
3159	3164
3160	3164
3161	3165
3162	3165
3163	3166
3164	3166
3165	3167
3144	3167
3166	3168
3167	3168
3169	3219
3170	3219
3171	3220
3172	3220
3173	3221
3174	3221
3175	3222
3176	3222
3177	3223
3178	3223
3179	3224
3180	3224
3181	3225
3182	3225
3183	3226
3184	3226
3185	3227
3186	3227
3187	3228
3188	3228
3189	3229
3190	3229
3191	3230
3192	3230
3193	3231
3194	3231
3195	3232
3196	3232
3197	3233
3198	3233
3199	3234
3200	3234
3201	3235
3202	3235
3203	3236
3204	3236
3205	3237
3206	3237
3207	3238
3208	3238
3209	3239
3210	3239
3211	3240
3212	3240
3213	3241
3214	3241
3215	3242
3216	3242
3217	3243
3218	3243
3219	3244
3220	3244
3221	3245
3222	3245
3223	3246
3224	3246
3225	3247
3226	3247
3227	3248
3228	3248
3229	3249
3230	3249
3231	3250
3232	3250
3233	3251
3234	3251
3235	3252
3236	3252
3237	3253
3238	3253
3239	3254
3240	3254
3241	3255
3242	3255
3244	3256
3245	3256
3246	3257
3247	3257
3248	3258
3249	3258
3250	3259
3251	3259
3252	3260
3253	3260
3254	3261
3255	3261
3256	3262
3257	3262
3258	3263
3259	3263
3260	3264
3261	3264
3262	3265
3263	3265
3264	3266
3243	3266
3265	3267
3266	3267
3268	3318
3269	3318
3270	3319
3271	3319
3272	3320
3273	3320
3274	3321
3275	3321
3276	3322
3277	3322
3278	3323
3279	3323
3280	3324
3281	3324
3282	3325
3283	3325
3284	3326
3285	3326
3286	3327
3287	3327
3288	3328
3289	3328
3290	3329
3291	3329
3292	3330
3293	3330
3294	3331
3295	3331
3296	3332
3297	3332
3298	3333
3299	3333
3300	3334
3301	3334
3302	3335
3303	3335
3304	3336
3305	3336
3306	3337
3307	3337
3308	3338
3309	3338
3310	3339
3311	3339
3312	3340
3313	3340
3314	3341
3315	3341
3316	3342
3317	3342
3318	3343
3319	3343
3320	3344
3321	3344
3322	3345
3323	3345
3324	3346
3325	3346
3326	3347
3327	3347
3328	3348
3329	3348
3330	3349
3331	3349
3332	3350
3333	3350
3334	3351
3335	3351
3336	3352
3337	3352
3338	3353
3339	3353
3340	3354
3341	3354
3343	3355
3344	3355
3345	3356
3346	3356
3347	3357
3348	3357
3349	3358
3350	3358
3351	3359
3352	3359
3353	3360
3354	3360
3355	3361
3356	3361
3357	3362
3358	3362
3359	3363
3360	3363
3361	3364
3362	3364
3363	3365
3342	3365
3364	3366
3365	3366
3367	3417
3368	3417
3369	3418
3370	3418
3371	3419
3372	3419
3373	3420
3374	3420
3375	3421
3376	3421
3377	3422
3378	3422
3379	3423
3380	3423
3381	3424
3382	3424
3383	3425
3384	3425
3385	3426
3386	3426
3387	3427
3388	3427
3389	3428
3390	3428
3391	3429
3392	3429
3393	3430
3394	3430
3395	3431
3396	3431
3397	3432
3398	3432
3399	3433
3400	3433
3401	3434
3402	3434
3403	3435
3404	3435
3405	3436
3406	3436
3407	3437
3408	3437
3409	3438
3410	3438
3411	3439
3412	3439
3413	3440
3414	3440
3415	3441
3416	3441
3417	3442
3418	3442
3419	3443
3420	3443
3421	3444
3422	3444
3423	3445
3424	3445
3425	3446
3426	3446
3427	3447
3428	3447
3429	3448
3430	3448
3431	3449
3432	3449
3433	3450
3434	3450
3435	3451
3436	3451
3437	3452
3438	3452
3439	3453
3440	3453
3442	3454
3443	3454
3444	3455
3445	3455
3446	3456
3447	3456
3448	3457
3449	3457
3450	3458
3451	3458
3452	3459
3453	3459
3454	3460
3455	3460
3456	3461
3457	3461
3458	3462
3459	3462
3460	3463
3461	3463
3462	3464
3441	3464
3463	3465
3464	3465
3466	3516
3467	3516
3468	3517
3469	3517
3470	3518
3471	3518
3472	3519
3473	3519
3474	3520
3475	3520
3476	3521
3477	3521
3478	3522
3479	3522
3480	3523
3481	3523
3482	3524
3483	3524
3484	3525
3485	3525
3486	3526
3487	3526
3488	3527
3489	3527
3490	3528
3491	3528
3492	3529
3493	3529
3494	3530
3495	3530
3496	3531
3497	3531
3498	3532
3499	3532
3500	3533
3501	3533
3502	3534
3503	3534
3504	3535
3505	3535
3506	3536
3507	3536
3508	3537
3509	3537
3510	3538
3511	3538
3512	3539
3513	3539
3514	3540
3515	3540
3516	3541
3517	3541
3518	3542
3519	3542
3520	3543
3521	3543
3522	3544
3523	3544
3524	3545
3525	3545
3526	3546
3527	3546
3528	3547
3529	3547
3530	3548
3531	3548
3532	3549
3533	3549
3534	3550
3535	3550
3536	3551
3537	3551
3538	3552
3539	3552
3541	3553
3542	3553
3543	3554
3544	3554
3545	3555
3546	3555
3547	3556
3548	3556
3549	3557
3550	3557
3551	3558
3552	3558
3553	3559
3554	3559
3555	3560
3556	3560
3557	3561
3558	3561
3559	3562
3560	3562
3561	3563
3540	3563
3562	3564
3563	3564
3565	3615
3566	3615
3567	3616
3568	3616
3569	3617
3570	3617
3571	3618
3572	3618
3573	3619
3574	3619
3575	3620
3576	3620
3577	3621
3578	3621
3579	3622
3580	3622
3581	3623
3582	3623
3583	3624
3584	3624
3585	3625
3586	3625
3587	3626
3588	3626
3589	3627
3590	3627
3591	3628
3592	3628
3593	3629
3594	3629
3595	3630
3596	3630
3597	3631
3598	3631
3599	3632
3600	3632
3601	3633
3602	3633
3603	3634
3604	3634
3605	3635
3606	3635
3607	3636
3608	3636
3609	3637
3610	3637
3611	3638
3612	3638
3613	3639
3614	3639
3615	3640
3616	3640
3617	3641
3618	3641
3619	3642
3620	3642
3621	3643
3622	3643
3623	3644
3624	3644
3625	3645
3626	3645
3627	3646
3628	3646
3629	3647
3630	3647
3631	3648
3632	3648
3633	3649
3634	3649
3635	3650
3636	3650
3637	3651
3638	3651
3640	3652
3641	3652
3642	3653
3643	3653
3644	3654
3645	3654
3646	3655
3647	3655
3648	3656
3649	3656
3650	3657
3651	3657
3652	3658
3653	3658
3654	3659
3655	3659
3656	3660
3657	3660
3658	3661
3659	3661
3660	3662
3639	3662
3661	3663
3662	3663
3664	3714
3665	3714
3666	3715
3667	3715
3668	3716
3669	3716
3670	3717
3671	3717
3672	3718
3673	3718
3674	3719
3675	3719
3676	3720
3677	3720
3678	3721
3679	3721
3680	3722
3681	3722
3682	3723
3683	3723
3684	3724
3685	3724
3686	3725
3687	3725
3688	3726
3689	3726
3690	3727
3691	3727
3692	3728
3693	3728
3694	3729
3695	3729
3696	3730
3697	3730
3698	3731
3699	3731
3700	3732
3701	3732
3702	3733
3703	3733
3704	3734
3705	3734
3706	3735
3707	3735
3708	3736
3709	3736
3710	3737
3711	3737
3712	3738
3713	3738
3714	3739
3715	3739
3716	3740
3717	3740
3718	3741
3719	3741
3720	3742
3721	3742
3722	3743
3723	3743
3724	3744
3725	3744
3726	3745
3727	3745
3728	3746
3729	3746
3730	3747
3731	3747
3732	3748
3733	3748
3734	3749
3735	3749
3736	3750
3737	3750
3739	3751
3740	3751
3741	3752
3742	3752
3743	3753
3744	3753
3745	3754
3746	3754
3747	3755
3748	3755
3749	3756
3750	3756
3751	3757
3752	3757
3753	3758
3754	3758
3755	3759
3756	3759
3757	3760
3758	3760
3759	3761
3738	3761
3760	3762
3761	3762
3763	3813
3764	3813
3765	3814
3766	3814
3767	3815
3768	3815
3769	3816
3770	3816
3771	3817
3772	3817
3773	3818
3774	3818
3775	3819
3776	3819
3777	3820
3778	3820
3779	3821
3780	3821
3781	3822
3782	3822
3783	3823
3784	3823
3785	3824
3786	3824
3787	3825
3788	3825
3789	3826
3790	3826
3791	3827
3792	3827
3793	3828
3794	3828
3795	3829
3796	3829
3797	3830
3798	3830
3799	3831
3800	3831
3801	3832
3802	3832
3803	3833
3804	3833
3805	3834
3806	3834
3807	3835
3808	3835
3809	3836
3810	3836
3811	3837
3812	3837
3813	3838
3814	3838
3815	3839
3816	3839
3817	3840
3818	3840
3819	3841
3820	3841
3821	3842
3822	3842
3823	3843
3824	3843
3825	3844
3826	3844
3827	3845
3828	3845
3829	3846
3830	3846
3831	3847
3832	3847
3833	3848
3834	3848
3835	3849
3836	3849
3838	3850
3839	3850
3840	3851
3841	3851
3842	3852
3843	3852
3844	3853
3845	3853
3846	3854
3847	3854
3848	3855
3849	3855
3850	3856
3851	3856
3852	3857
3853	3857
3854	3858
3855	3858
3856	3859
3857	3859
3858	3860
3837	3860
3859	3861
3860	3861
3862	3912
3863	3912
3864	3913
3865	3913
3866	3914
3867	3914
3868	3915
3869	3915
3870	3916
3871	3916
3872	3917
3873	3917
3874	3918
3875	3918
3876	3919
3877	3919
3878	3920
3879	3920
3880	3921
3881	3921
3882	3922
3883	3922
3884	3923
3885	3923
3886	3924
3887	3924
3888	3925
3889	3925
3890	3926
3891	3926
3892	3927
3893	3927
3894	3928
3895	3928
3896	3929
3897	3929
3898	3930
3899	3930
3900	3931
3901	3931
3902	3932
3903	3932
3904	3933
3905	3933
3906	3934
3907	3934
3908	3935
3909	3935
3910	3936
3911	3936
3912	3937
3913	3937
3914	3938
3915	3938
3916	3939
3917	3939
3918	3940
3919	3940
3920	3941
3921	3941
3922	3942
3923	3942
3924	3943
3925	3943
3926	3944
3927	3944
3928	3945
3929	3945
3930	3946
3931	3946
3932	3947
3933	3947
3934	3948
3935	3948
3937	3949
3938	3949
3939	3950
3940	3950
3941	3951
3942	3951
3943	3952
3944	3952
3945	3953
3946	3953
3947	3954
3948	3954
3949	3955
3950	3955
3951	3956
3952	3956
3953	3957
3954	3957
3955	3958
3956	3958
3957	3959
3936	3959
3958	3960
3959	3960
3961	4011
3962	4011
3963	4012
3964	4012
3965	4013
3966	4013
3967	4014
3968	4014
3969	4015
3970	4015
3971	4016
3972	4016
3973	4017
3974	4017
3975	4018
3976	4018
3977	4019
3978	4019
3979	4020
3980	4020
3981	4021
3982	4021
3983	4022
3984	4022
3985	4023
3986	4023
3987	4024
3988	4024
3989	4025
3990	4025
3991	4026
3992	4026
3993	4027
3994	4027
3995	4028
3996	4028
3997	4029
3998	4029
3999	4030
4000	4030
4001	4031
4002	4031
4003	4032
4004	4032
4005	4033
4006	4033
4007	4034
4008	4034
4009	4035
4010	4035
4011	4036
4012	4036
4013	4037
4014	4037
4015	4038
4016	4038
4017	4039
4018	4039
4019	4040
4020	4040
4021	4041
4022	4041
4023	4042
4024	4042
4025	4043
4026	4043
4027	4044
4028	4044
4029	4045
4030	4045
4031	4046
4032	4046
4033	4047
4034	4047
4036	4048
4037	4048
4038	4049
4039	4049
4040	4050
4041	4050
4042	4051
4043	4051
4044	4052
4045	4052
4046	4053
4047	4053
4048	4054
4049	4054
4050	4055
4051	4055
4052	4056
4053	4056
4054	4057
4055	4057
4056	4058
4035	4058
4057	4059
4058	4059
4060	4110
4061	4110
4062	4111
4063	4111
4064	4112
4065	4112
4066	4113
4067	4113
4068	4114
4069	4114
4070	4115
4071	4115
4072	4116
4073	4116
4074	4117
4075	4117
4076	4118
4077	4118
4078	4119
4079	4119
4080	4120
4081	4120
4082	4121
4083	4121
4084	4122
4085	4122
4086	4123
4087	4123
4088	4124
4089	4124
4090	4125
4091	4125
4092	4126
4093	4126
4094	4127
4095	4127
4096	4128
4097	4128
4098	4129
4099	4129
4100	4130
4101	4130
4102	4131
4103	4131
4104	4132
4105	4132
4106	4133
4107	4133
4108	4134
4109	4134
4110	4135
4111	4135
4112	4136
4113	4136
4114	4137
4115	4137
4116	4138
4117	4138
4118	4139
4119	4139
4120	4140
4121	4140
4122	4141
4123	4141
4124	4142
4125	4142
4126	4143
4127	4143
4128	4144
4129	4144
4130	4145
4131	4145
4132	4146
4133	4146
4135	4147
4136	4147
4137	4148
4138	4148
4139	4149
4140	4149
4141	4150
4142	4150
4143	4151
4144	4151
4145	4152
4146	4152
4147	4153
4148	4153
4149	4154
4150	4154
4151	4155
4152	4155
4153	4156
4154	4156
4155	4157
4134	4157
4156	4158
4157	4158
4159	4209
4160	4209
4161	4210
4162	4210
4163	4211
4164	4211
4165	4212
4166	4212
4167	4213
4168	4213
4169	4214
4170	4214
4171	4215
4172	4215
4173	4216
4174	4216
4175	4217
4176	4217
4177	4218
4178	4218
4179	4219
4180	4219
4181	4220
4182	4220
4183	4221
4184	4221
4185	4222
4186	4222
4187	4223
4188	4223
4189	4224
4190	4224
4191	4225
4192	4225
4193	4226
4194	4226
4195	4227
4196	4227
4197	4228
4198	4228
4199	4229
4200	4229
4201	4230
4202	4230
4203	4231
4204	4231
4205	4232
4206	4232
4207	4233
4208	4233
4209	4234
4210	4234
4211	4235
4212	4235
4213	4236
4214	4236
4215	4237
4216	4237
4217	4238
4218	4238
4219	4239
4220	4239
4221	4240
4222	4240
4223	4241
4224	4241
4225	4242
4226	4242
4227	4243
4228	4243
4229	4244
4230	4244
4231	4245
4232	4245
4234	4246
4235	4246
4236	4247
4237	4247
4238	4248
4239	4248
4240	4249
4241	4249
4242	4250
4243	4250
4244	4251
4245	4251
4246	4252
4247	4252
4248	4253
4249	4253
4250	4254
4251	4254
4252	4255
4253	4255
4254	4256
4233	4256
4255	4257
4256	4257
4258	4308
4259	4308
4260	4309
4261	4309
4262	4310
4263	4310
4264	4311
4265	4311
4266	4312
4267	4312
4268	4313
4269	4313
4270	4314
4271	4314
4272	4315
4273	4315
4274	4316
4275	4316
4276	4317
4277	4317
4278	4318
4279	4318
4280	4319
4281	4319
4282	4320
4283	4320
4284	4321
4285	4321
4286	4322
4287	4322
4288	4323
4289	4323
4290	4324
4291	4324
4292	4325
4293	4325
4294	4326
4295	4326
4296	4327
4297	4327
4298	4328
4299	4328
4300	4329
4301	4329
4302	4330
4303	4330
4304	4331
4305	4331
4306	4332
4307	4332
4308	4333
4309	4333
4310	4334
4311	4334
4312	4335
4313	4335
4314	4336
4315	4336
4316	4337
4317	4337
4318	4338
4319	4338
4320	4339
4321	4339
4322	4340
4323	4340
4324	4341
4325	4341
4326	4342
4327	4342
4328	4343
4329	4343
4330	4344
4331	4344
4333	4345
4334	4345
4335	4346
4336	4346
4337	4347
4338	4347
4339	4348
4340	4348
4341	4349
4342	4349
4343	4350
4344	4350
4345	4351
4346	4351
4347	4352
4348	4352
4349	4353
4350	4353
4351	4354
4352	4354
4353	4355
4332	4355
4354	4356
4355	4356
4357	4407
4358	4407
4359	4408
4360	4408
4361	4409
4362	4409
4363	4410
4364	4410
4365	4411
4366	4411
4367	4412
4368	4412
4369	4413
4370	4413
4371	4414
4372	4414
4373	4415
4374	4415
4375	4416
4376	4416
4377	4417
4378	4417
4379	4418
4380	4418
4381	4419
4382	4419
4383	4420
4384	4420
4385	4421
4386	4421
4387	4422
4388	4422
4389	4423
4390	4423
4391	4424
4392	4424
4393	4425
4394	4425
4395	4426
4396	4426
4397	4427
4398	4427
4399	4428
4400	4428
4401	4429
4402	4429
4403	4430
4404	4430
4405	4431
4406	4431
4407	4432
4408	4432
4409	4433
4410	4433
4411	4434
4412	4434
4413	4435
4414	4435
4415	4436
4416	4436
4417	4437
4418	4437
4419	4438
4420	4438
4421	4439
4422	4439
4423	4440
4424	4440
4425	4441
4426	4441
4427	4442
4428	4442
4429	4443
4430	4443
4432	4444
4433	4444
4434	4445
4435	4445
4436	4446
4437	4446
4438	4447
4439	4447
4440	4448
4441	4448
4442	4449
4443	4449
4444	4450
4445	4450
4446	4451
4447	4451
4448	4452
4449	4452
4450	4453
4451	4453
4452	4454
4431	4454
4453	4455
4454	4455
4456	4506
4457	4506
4458	4507
4459	4507
4460	4508
4461	4508
4462	4509
4463	4509
4464	4510
4465	4510
4466	4511
4467	4511
4468	4512
4469	4512
4470	4513
4471	4513
4472	4514
4473	4514
4474	4515
4475	4515
4476	4516
4477	4516
4478	4517
4479	4517
4480	4518
4481	4518
4482	4519
4483	4519
4484	4520
4485	4520
4486	4521
4487	4521
4488	4522
4489	4522
4490	4523
4491	4523
4492	4524
4493	4524
4494	4525
4495	4525
4496	4526
4497	4526
4498	4527
4499	4527
4500	4528
4501	4528
4502	4529
4503	4529
4504	4530
4505	4530
4506	4531
4507	4531
4508	4532
4509	4532
4510	4533
4511	4533
4512	4534
4513	4534
4514	4535
4515	4535
4516	4536
4517	4536
4518	4537
4519	4537
4520	4538
4521	4538
4522	4539
4523	4539
4524	4540
4525	4540
4526	4541
4527	4541
4528	4542
4529	4542
4531	4543
4532	4543
4533	4544
4534	4544
4535	4545
4536	4545
4537	4546
4538	4546
4539	4547
4540	4547
4541	4548
4542	4548
4543	4549
4544	4549
4545	4550
4546	4550
4547	4551
4548	4551
4549	4552
4550	4552
4551	4553
4530	4553
4552	4554
4553	4554
4555	4605
4556	4605
4557	4606
4558	4606
4559	4607
4560	4607
4561	4608
4562	4608
4563	4609
4564	4609
4565	4610
4566	4610
4567	4611
4568	4611
4569	4612
4570	4612
4571	4613
4572	4613
4573	4614
4574	4614
4575	4615
4576	4615
4577	4616
4578	4616
4579	4617
4580	4617
4581	4618
4582	4618
4583	4619
4584	4619
4585	4620
4586	4620
4587	4621
4588	4621
4589	4622
4590	4622
4591	4623
4592	4623
4593	4624
4594	4624
4595	4625
4596	4625
4597	4626
4598	4626
4599	4627
4600	4627
4601	4628
4602	4628
4603	4629
4604	4629
4605	4630
4606	4630
4607	4631
4608	4631
4609	4632
4610	4632
4611	4633
4612	4633
4613	4634
4614	4634
4615	4635
4616	4635
4617	4636
4618	4636
4619	4637
4620	4637
4621	4638
4622	4638
4623	4639
4624	4639
4625	4640
4626	4640
4627	4641
4628	4641
4630	4642
4631	4642
4632	4643
4633	4643
4634	4644
4635	4644
4636	4645
4637	4645
4638	4646
4639	4646
4640	4647
4641	4647
4642	4648
4643	4648
4644	4649
4645	4649
4646	4650
4647	4650
4648	4651
4649	4651
4650	4652
4629	4652
4651	4653
4652	4653
4654	4704
4655	4704
4656	4705
4657	4705
4658	4706
4659	4706
4660	4707
4661	4707
4662	4708
4663	4708
4664	4709
4665	4709
4666	4710
4667	4710
4668	4711
4669	4711
4670	4712
4671	4712
4672	4713
4673	4713
4674	4714
4675	4714
4676	4715
4677	4715
4678	4716
4679	4716
4680	4717
4681	4717
4682	4718
4683	4718
4684	4719
4685	4719
4686	4720
4687	4720
4688	4721
4689	4721
4690	4722
4691	4722
4692	4723
4693	4723
4694	4724
4695	4724
4696	4725
4697	4725
4698	4726
4699	4726
4700	4727
4701	4727
4702	4728
4703	4728
4704	4729
4705	4729
4706	4730
4707	4730
4708	4731
4709	4731
4710	4732
4711	4732
4712	4733
4713	4733
4714	4734
4715	4734
4716	4735
4717	4735
4718	4736
4719	4736
4720	4737
4721	4737
4722	4738
4723	4738
4724	4739
4725	4739
4726	4740
4727	4740
4729	4741
4730	4741
4731	4742
4732	4742
4733	4743
4734	4743
4735	4744
4736	4744
4737	4745
4738	4745
4739	4746
4740	4746
4741	4747
4742	4747
4743	4748
4744	4748
4745	4749
4746	4749
4747	4750
4748	4750
4749	4751
4728	4751
4750	4752
4751	4752
4753	4803
4754	4803
4755	4804
4756	4804
4757	4805
4758	4805
4759	4806
4760	4806
4761	4807
4762	4807
4763	4808
4764	4808
4765	4809
4766	4809
4767	4810
4768	4810
4769	4811
4770	4811
4771	4812
4772	4812
4773	4813
4774	4813
4775	4814
4776	4814
4777	4815
4778	4815
4779	4816
4780	4816
4781	4817
4782	4817
4783	4818
4784	4818
4785	4819
4786	4819
4787	4820
4788	4820
4789	4821
4790	4821
4791	4822
4792	4822
4793	4823
4794	4823
4795	4824
4796	4824
4797	4825
4798	4825
4799	4826
4800	4826
4801	4827
4802	4827
4803	4828
4804	4828
4805	4829
4806	4829
4807	4830
4808	4830
4809	4831
4810	4831
4811	4832
4812	4832
4813	4833
4814	4833
4815	4834
4816	4834
4817	4835
4818	4835
4819	4836
4820	4836
4821	4837
4822	4837
4823	4838
4824	4838
4825	4839
4826	4839
4828	4840
4829	4840
4830	4841
4831	4841
4832	4842
4833	4842
4834	4843
4835	4843
4836	4844
4837	4844
4838	4845
4839	4845
4840	4846
4841	4846
4842	4847
4843	4847
4844	4848
4845	4848
4846	4849
4847	4849
4848	4850
4827	4850
4849	4851
4850	4851
4852	4902
4853	4902
4854	4903
4855	4903
4856	4904
4857	4904
4858	4905
4859	4905
4860	4906
4861	4906
4862	4907
4863	4907
4864	4908
4865	4908
4866	4909
4867	4909
4868	4910
4869	4910
4870	4911
4871	4911
4872	4912
4873	4912
4874	4913
4875	4913
4876	4914
4877	4914
4878	4915
4879	4915
4880	4916
4881	4916
4882	4917
4883	4917
4884	4918
4885	4918
4886	4919
4887	4919
4888	4920
4889	4920
4890	4921
4891	4921
4892	4922
4893	4922
4894	4923
4895	4923
4896	4924
4897	4924
4898	4925
4899	4925
4900	4926
4901	4926
4902	4927
4903	4927
4904	4928
4905	4928
4906	4929
4907	4929
4908	4930
4909	4930
4910	4931
4911	4931
4912	4932
4913	4932
4914	4933
4915	4933
4916	4934
4917	4934
4918	4935
4919	4935
4920	4936
4921	4936
4922	4937
4923	4937
4924	4938
4925	4938
4927	4939
4928	4939
4929	4940
4930	4940
4931	4941
4932	4941
4933	4942
4934	4942
4935	4943
4936	4943
4937	4944
4938	4944
4939	4945
4940	4945
4941	4946
4942	4946
4943	4947
4944	4947
4945	4948
4946	4948
4947	4949
4926	4949
4948	4950
4949	4950
4951	5001
4952	5001
4953	5002
4954	5002
4955	5003
4956	5003
4957	5004
4958	5004
4959	5005
4960	5005
4961	5006
4962	5006
4963	5007
4964	5007
4965	5008
4966	5008
4967	5009
4968	5009
4969	5010
4970	5010
4971	5011
4972	5011
4973	5012
4974	5012
4975	5013
4976	5013
4977	5014
4978	5014
4979	5015
4980	5015
4981	5016
4982	5016
4983	5017
4984	5017
4985	5018
4986	5018
4987	5019
4988	5019
4989	5020
4990	5020
4991	5021
4992	5021
4993	5022
4994	5022
4995	5023
4996	5023
4997	5024
4998	5024
4999	5025
5000	5025
5001	5026
5002	5026
5003	5027
5004	5027
5005	5028
5006	5028
5007	5029
5008	5029
5009	5030
5010	5030
5011	5031
5012	5031
5013	5032
5014	5032
5015	5033
5016	5033
5017	5034
5018	5034
5019	5035
5020	5035
5021	5036
5022	5036
5023	5037
5024	5037
5026	5038
5027	5038
5028	5039
5029	5039
5030	5040
5031	5040
5032	5041
5033	5041
5034	5042
5035	5042
5036	5043
5037	5043
5038	5044
5039	5044
5040	5045
5041	5045
5042	5046
5043	5046
5044	5047
5045	5047
5046	5048
5025	5048
5047	5049
5048	5049
5050	5100
5051	5100
5052	5101
5053	5101
5054	5102
5055	5102
5056	5103
5057	5103
5058	5104
5059	5104
5060	5105
5061	5105
5062	5106
5063	5106
5064	5107
5065	5107
5066	5108
5067	5108
5068	5109
5069	5109
5070	5110
5071	5110
5072	5111
5073	5111
5074	5112
5075	5112
5076	5113
5077	5113
5078	5114
5079	5114
5080	5115
5081	5115
5082	5116
5083	5116
5084	5117
5085	5117
5086	5118
5087	5118
5088	5119
5089	5119
5090	5120
5091	5120
5092	5121
5093	5121
5094	5122
5095	5122
5096	5123
5097	5123
5098	5124
5099	5124
5100	5125
5101	5125
5102	5126
5103	5126
5104	5127
5105	5127
5106	5128
5107	5128
5108	5129
5109	5129
5110	5130
5111	5130
5112	5131
5113	5131
5114	5132
5115	5132
5116	5133
5117	5133
5118	5134
5119	5134
5120	5135
5121	5135
5122	5136
5123	5136
5125	5137
5126	5137
5127	5138
5128	5138
5129	5139
5130	5139
5131	5140
5132	5140
5133	5141
5134	5141
5135	5142
5136	5142
5137	5143
5138	5143
5139	5144
5140	5144
5141	5145
5142	5145
5143	5146
5144	5146
5145	5147
5124	5147
5146	5148
5147	5148
5149	5199
5150	5199
5151	5200
5152	5200
5153	5201
5154	5201
5155	5202
5156	5202
5157	5203
5158	5203
5159	5204
5160	5204
5161	5205
5162	5205
5163	5206
5164	5206
5165	5207
5166	5207
5167	5208
5168	5208
5169	5209
5170	5209
5171	5210
5172	5210
5173	5211
5174	5211
5175	5212
5176	5212
5177	5213
5178	5213
5179	5214
5180	5214
5181	5215
5182	5215
5183	5216
5184	5216
5185	5217
5186	5217
5187	5218
5188	5218
5189	5219
5190	5219
5191	5220
5192	5220
5193	5221
5194	5221
5195	5222
5196	5222
5197	5223
5198	5223
5199	5224
5200	5224
5201	5225
5202	5225
5203	5226
5204	5226
5205	5227
5206	5227
5207	5228
5208	5228
5209	5229
5210	5229
5211	5230
5212	5230
5213	5231
5214	5231
5215	5232
5216	5232
5217	5233
5218	5233
5219	5234
5220	5234
5221	5235
5222	5235
5224	5236
5225	5236
5226	5237
5227	5237
5228	5238
5229	5238
5230	5239
5231	5239
5232	5240
5233	5240
5234	5241
5235	5241
5236	5242
5237	5242
5238	5243
5239	5243
5240	5244
5241	5244
5242	5245
5243	5245
5244	5246
5223	5246
5245	5247
5246	5247
5248	5298
5249	5298
5250	5299
5251	5299
5252	5300
5253	5300
5254	5301
5255	5301
5256	5302
5257	5302
5258	5303
5259	5303
5260	5304
5261	5304
5262	5305
5263	5305
5264	5306
5265	5306
5266	5307
5267	5307
5268	5308
5269	5308
5270	5309
5271	5309
5272	5310
5273	5310
5274	5311
5275	5311
5276	5312
5277	5312
5278	5313
5279	5313
5280	5314
5281	5314
5282	5315
5283	5315
5284	5316
5285	5316
5286	5317
5287	5317
5288	5318
5289	5318
5290	5319
5291	5319
5292	5320
5293	5320
5294	5321
5295	5321
5296	5322
5297	5322
5298	5323
5299	5323
5300	5324
5301	5324
5302	5325
5303	5325
5304	5326
5305	5326
5306	5327
5307	5327
5308	5328
5309	5328
5310	5329
5311	5329
5312	5330
5313	5330
5314	5331
5315	5331
5316	5332
5317	5332
5318	5333
5319	5333
5320	5334
5321	5334
5323	5335
5324	5335
5325	5336
5326	5336
5327	5337
5328	5337
5329	5338
5330	5338
5331	5339
5332	5339
5333	5340
5334	5340
5335	5341
5336	5341
5337	5342
5338	5342
5339	5343
5340	5343
5341	5344
5342	5344
5343	5345
5322	5345
5344	5346
5345	5346
5347	5397
5348	5397
5349	5398
5350	5398
5351	5399
5352	5399
5353	5400
5354	5400
5355	5401
5356	5401
5357	5402
5358	5402
5359	5403
5360	5403
5361	5404
5362	5404
5363	5405
5364	5405
5365	5406
5366	5406
5367	5407
5368	5407
5369	5408
5370	5408
5371	5409
5372	5409
5373	5410
5374	5410
5375	5411
5376	5411
5377	5412
5378	5412
5379	5413
5380	5413
5381	5414
5382	5414
5383	5415
5384	5415
5385	5416
5386	5416
5387	5417
5388	5417
5389	5418
5390	5418
5391	5419
5392	5419
5393	5420
5394	5420
5395	5421
5396	5421
5397	5422
5398	5422
5399	5423
5400	5423
5401	5424
5402	5424
5403	5425
5404	5425
5405	5426
5406	5426
5407	5427
5408	5427
5409	5428
5410	5428
5411	5429
5412	5429
5413	5430
5414	5430
5415	5431
5416	5431
5417	5432
5418	5432
5419	5433
5420	5433
5422	5434
5423	5434
5424	5435
5425	5435
5426	5436
5427	5436
5428	5437
5429	5437
5430	5438
5431	5438
5432	5439
5433	5439
5434	5440
5435	5440
5436	5441
5437	5441
5438	5442
5439	5442
5440	5443
5441	5443
5442	5444
5421	5444
5443	5445
5444	5445
5446	5496
5447	5496
5448	5497
5449	5497
5450	5498
5451	5498
5452	5499
5453	5499
5454	5500
5455	5500
5456	5501
5457	5501
5458	5502
5459	5502
5460	5503
5461	5503
5462	5504
5463	5504
5464	5505
5465	5505
5466	5506
5467	5506
5468	5507
5469	5507
5470	5508
5471	5508
5472	5509
5473	5509
5474	5510
5475	5510
5476	5511
5477	5511
5478	5512
5479	5512
5480	5513
5481	5513
5482	5514
5483	5514
5484	5515
5485	5515
5486	5516
5487	5516
5488	5517
5489	5517
5490	5518
5491	5518
5492	5519
5493	5519
5494	5520
5495	5520
5496	5521
5497	5521
5498	5522
5499	5522
5500	5523
5501	5523
5502	5524
5503	5524
5504	5525
5505	5525
5506	5526
5507	5526
5508	5527
5509	5527
5510	5528
5511	5528
5512	5529
5513	5529
5514	5530
5515	5530
5516	5531
5517	5531
5518	5532
5519	5532
5521	5533
5522	5533
5523	5534
5524	5534
5525	5535
5526	5535
5527	5536
5528	5536
5529	5537
5530	5537
5531	5538
5532	5538
5533	5539
5534	5539
5535	5540
5536	5540
5537	5541
5538	5541
5539	5542
5540	5542
5541	5543
5520	5543
5542	5544
5543	5544
5545	5595
5546	5595
5547	5596
5548	5596
5549	5597
5550	5597
5551	5598
5552	5598
5553	5599
5554	5599
5555	5600
5556	5600
5557	5601
5558	5601
5559	5602
5560	5602
5561	5603
5562	5603
5563	5604
5564	5604
5565	5605
5566	5605
5567	5606
5568	5606
5569	5607
5570	5607
5571	5608
5572	5608
5573	5609
5574	5609
5575	5610
5576	5610
5577	5611
5578	5611
5579	5612
5580	5612
5581	5613
5582	5613
5583	5614
5584	5614
5585	5615
5586	5615
5587	5616
5588	5616
5589	5617
5590	5617
5591	5618
5592	5618
5593	5619
5594	5619
5595	5620
5596	5620
5597	5621
5598	5621
5599	5622
5600	5622
5601	5623
5602	5623
5603	5624
5604	5624
5605	5625
5606	5625
5607	5626
5608	5626
5609	5627
5610	5627
5611	5628
5612	5628
5613	5629
5614	5629
5615	5630
5616	5630
5617	5631
5618	5631
5620	5632
5621	5632
5622	5633
5623	5633
5624	5634
5625	5634
5626	5635
5627	5635
5628	5636
5629	5636
5630	5637
5631	5637
5632	5638
5633	5638
5634	5639
5635	5639
5636	5640
5637	5640
5638	5641
5639	5641
5640	5642
5619	5642
5641	5643
5642	5643
5644	5694
5645	5694
5646	5695
5647	5695
5648	5696
5649	5696
5650	5697
5651	5697
5652	5698
5653	5698
5654	5699
5655	5699
5656	5700
5657	5700
5658	5701
5659	5701
5660	5702
5661	5702
5662	5703
5663	5703
5664	5704
5665	5704
5666	5705
5667	5705
5668	5706
5669	5706
5670	5707
5671	5707
5672	5708
5673	5708
5674	5709
5675	5709
5676	5710
5677	5710
5678	5711
5679	5711
5680	5712
5681	5712
5682	5713
5683	5713
5684	5714
5685	5714
5686	5715
5687	5715
5688	5716
5689	5716
5690	5717
5691	5717
5692	5718
5693	5718
5694	5719
5695	5719
5696	5720
5697	5720
5698	5721
5699	5721
5700	5722
5701	5722
5702	5723
5703	5723
5704	5724
5705	5724
5706	5725
5707	5725
5708	5726
5709	5726
5710	5727
5711	5727
5712	5728
5713	5728
5714	5729
5715	5729
5716	5730
5717	5730
5719	5731
5720	5731
5721	5732
5722	5732
5723	5733
5724	5733
5725	5734
5726	5734
5727	5735
5728	5735
5729	5736
5730	5736
5731	5737
5732	5737
5733	5738
5734	5738
5735	5739
5736	5739
5737	5740
5738	5740
5739	5741
5718	5741
5740	5742
5741	5742
5743	5793
5744	5793
5745	5794
5746	5794
5747	5795
5748	5795
5749	5796
5750	5796
5751	5797
5752	5797
5753	5798
5754	5798
5755	5799
5756	5799
5757	5800
5758	5800
5759	5801
5760	5801
5761	5802
5762	5802
5763	5803
5764	5803
5765	5804
5766	5804
5767	5805
5768	5805
5769	5806
5770	5806
5771	5807
5772	5807
5773	5808
5774	5808
5775	5809
5776	5809
5777	5810
5778	5810
5779	5811
5780	5811
5781	5812
5782	5812
5783	5813
5784	5813
5785	5814
5786	5814
5787	5815
5788	5815
5789	5816
5790	5816
5791	5817
5792	5817
5793	5818
5794	5818
5795	5819
5796	5819
5797	5820
5798	5820
5799	5821
5800	5821
5801	5822
5802	5822
5803	5823
5804	5823
5805	5824
5806	5824
5807	5825
5808	5825
5809	5826
5810	5826
5811	5827
5812	5827
5813	5828
5814	5828
5815	5829
5816	5829
5818	5830
5819	5830
5820	5831
5821	5831
5822	5832
5823	5832
5824	5833
5825	5833
5826	5834
5827	5834
5828	5835
5829	5835
5830	5836
5831	5836
5832	5837
5833	5837
5834	5838
5835	5838
5836	5839
5837	5839
5838	5840
5817	5840
5839	5841
5840	5841
5842	5892
5843	5892
5844	5893
5845	5893
5846	5894
5847	5894
5848	5895
5849	5895
5850	5896
5851	5896
5852	5897
5853	5897
5854	5898
5855	5898
5856	5899
5857	5899
5858	5900
5859	5900
5860	5901
5861	5901
5862	5902
5863	5902
5864	5903
5865	5903
5866	5904
5867	5904
5868	5905
5869	5905
5870	5906
5871	5906
5872	5907
5873	5907
5874	5908
5875	5908
5876	5909
5877	5909
5878	5910
5879	5910
5880	5911
5881	5911
5882	5912
5883	5912
5884	5913
5885	5913
5886	5914
5887	5914
5888	5915
5889	5915
5890	5916
5891	5916
5892	5917
5893	5917
5894	5918
5895	5918
5896	5919
5897	5919
5898	5920
5899	5920
5900	5921
5901	5921
5902	5922
5903	5922
5904	5923
5905	5923
5906	5924
5907	5924
5908	5925
5909	5925
5910	5926
5911	5926
5912	5927
5913	5927
5914	5928
5915	5928
5917	5929
5918	5929
5919	5930
5920	5930
5921	5931
5922	5931
5923	5932
5924	5932
5925	5933
5926	5933
5927	5934
5928	5934
5929	5935
5930	5935
5931	5936
5932	5936
5933	5937
5934	5937
5935	5938
5936	5938
5937	5939
5916	5939
5938	5940
5939	5940
5941	5991
5942	5991
5943	5992
5944	5992
5945	5993
5946	5993
5947	5994
5948	5994
5949	5995
5950	5995
5951	5996
5952	5996
5953	5997
5954	5997
5955	5998
5956	5998
5957	5999
5958	5999
5959	6000
5960	6000
5961	6001
5962	6001
5963	6002
5964	6002
5965	6003
5966	6003
5967	6004
5968	6004
5969	6005
5970	6005
5971	6006
5972	6006
5973	6007
5974	6007
5975	6008
5976	6008
5977	6009
5978	6009
5979	6010
5980	6010
5981	6011
5982	6011
5983	6012
5984	6012
5985	6013
5986	6013
5987	6014
5988	6014
5989	6015
5990	6015
5991	6016
5992	6016
5993	6017
5994	6017
5995	6018
5996	6018
5997	6019
5998	6019
5999	6020
6000	6020
6001	6021
6002	6021
6003	6022
6004	6022
6005	6023
6006	6023
6007	6024
6008	6024
6009	6025
6010	6025
6011	6026
6012	6026
6013	6027
6014	6027
6016	6028
6017	6028
6018	6029
6019	6029
6020	6030
6021	6030
6022	6031
6023	6031
6024	6032
6025	6032
6026	6033
6027	6033
6028	6034
6029	6034
6030	6035
6031	6035
6032	6036
6033	6036
6034	6037
6035	6037
6036	6038
6015	6038
6037	6039
6038	6039
6040	6090
6041	6090
6042	6091
6043	6091
6044	6092
6045	6092
6046	6093
6047	6093
6048	6094
6049	6094
6050	6095
6051	6095
6052	6096
6053	6096
6054	6097
6055	6097
6056	6098
6057	6098
6058	6099
6059	6099
6060	6100
6061	6100
6062	6101
6063	6101
6064	6102
6065	6102
6066	6103
6067	6103
6068	6104
6069	6104
6070	6105
6071	6105
6072	6106
6073	6106
6074	6107
6075	6107
6076	6108
6077	6108
6078	6109
6079	6109
6080	6110
6081	6110
6082	6111
6083	6111
6084	6112
6085	6112
6086	6113
6087	6113
6088	6114
6089	6114
6090	6115
6091	6115
6092	6116
6093	6116
6094	6117
6095	6117
6096	6118
6097	6118
6098	6119
6099	6119
6100	6120
6101	6120
6102	6121
6103	6121
6104	6122
6105	6122
6106	6123
6107	6123
6108	6124
6109	6124
6110	6125
6111	6125
6112	6126
6113	6126
6115	6127
6116	6127
6117	6128
6118	6128
6119	6129
6120	6129
6121	6130
6122	6130
6123	6131
6124	6131
6125	6132
6126	6132
6127	6133
6128	6133
6129	6134
6130	6134
6131	6135
6132	6135
6133	6136
6134	6136
6135	6137
6114	6137
6136	6138
6137	6138
6139	6189
6140	6189
6141	6190
6142	6190
6143	6191
6144	6191
6145	6192
6146	6192
6147	6193
6148	6193
6149	6194
6150	6194
6151	6195
6152	6195
6153	6196
6154	6196
6155	6197
6156	6197
6157	6198
6158	6198
6159	6199
6160	6199
6161	6200
6162	6200
6163	6201
6164	6201
6165	6202
6166	6202
6167	6203
6168	6203
6169	6204
6170	6204
6171	6205
6172	6205
6173	6206
6174	6206
6175	6207
6176	6207
6177	6208
6178	6208
6179	6209
6180	6209
6181	6210
6182	6210
6183	6211
6184	6211
6185	6212
6186	6212
6187	6213
6188	6213
6189	6214
6190	6214
6191	6215
6192	6215
6193	6216
6194	6216
6195	6217
6196	6217
6197	6218
6198	6218
6199	6219
6200	6219
6201	6220
6202	6220
6203	6221
6204	6221
6205	6222
6206	6222
6207	6223
6208	6223
6209	6224
6210	6224
6211	6225
6212	6225
6214	6226
6215	6226
6216	6227
6217	6227
6218	6228
6219	6228
6220	6229
6221	6229
6222	6230
6223	6230
6224	6231
6225	6231
6226	6232
6227	6232
6228	6233
6229	6233
6230	6234
6231	6234
6232	6235
6233	6235
6234	6236
6213	6236
6235	6237
6236	6237
6238	6288
6239	6288
6240	6289
6241	6289
6242	6290
6243	6290
6244	6291
6245	6291
6246	6292
6247	6292
6248	6293
6249	6293
6250	6294
6251	6294
6252	6295
6253	6295
6254	6296
6255	6296
6256	6297
6257	6297
6258	6298
6259	6298
6260	6299
6261	6299
6262	6300
6263	6300
6264	6301
6265	6301
6266	6302
6267	6302
6268	6303
6269	6303
6270	6304
6271	6304
6272	6305
6273	6305
6274	6306
6275	6306
6276	6307
6277	6307
6278	6308
6279	6308
6280	6309
6281	6309
6282	6310
6283	6310
6284	6311
6285	6311
6286	6312
6287	6312
6288	6313
6289	6313
6290	6314
6291	6314
6292	6315
6293	6315
6294	6316
6295	6316
6296	6317
6297	6317
6298	6318
6299	6318
6300	6319
6301	6319
6302	6320
6303	6320
6304	6321
6305	6321
6306	6322
6307	6322
6308	6323
6309	6323
6310	6324
6311	6324
6313	6325
6314	6325
6315	6326
6316	6326
6317	6327
6318	6327
6319	6328
6320	6328
6321	6329
6322	6329
6323	6330
6324	6330
6325	6331
6326	6331
6327	6332
6328	6332
6329	6333
6330	6333
6331	6334
6332	6334
6333	6335
6312	6335
6334	6336
6335	6336
-1
